##id	name	Amused	Disappointed	Indignant	Satisfied	Worried
170073	Jazz65	0.21	0.21	0.07	0.21	0.28
5332623	Lettore_5332623	0.04	0.07	0.71	0.13	0.03
1702246	Viaggiatore	0.26	0.09	0.22	0.25	0.15
1542775	lakota78	0.11	0.27	0.17	0.27	0.15
9041276	Emiliogv	0.12	0	0.34	0.41	0.12
7984970	Lettore_7984970	0.09	0.02	0.76	0.06	0.04
2086364	Arcolino	0.14	0.08	0.28	0.34	0.14
5766831	Nuvolari2	0.16	0.03	0.35	0.32	0.12
8698249	Lettore_8698249	0.3	0.2	0.1	0.2	0.2
9770174	Lettore_9770174	0.09	0	0.63	0.09	0.18
3218408	Lettore_3218408	0.01	0.15	0.28	0.42	0.12
791201	Lettore_791201	0.24	0.13	0.31	0.27	0.03
9048043	Lettore_9048043	0.32	0.12	0.26	0.25	0.02
5812778	Lettore_5812778	0.43	0	0.23	0.17	0.15
2528825	franz35	0.2	0	0.2	0.5	0.1
9968310	Lettore_9968310	0.1	0	0.7	0.1	0.1
7810897	terribilia	0.13	0.13	0.4	0.2	0.13
9793060	Lettore_9793060	0.07	0.02	0.43	0.42	0.03
8971070	Lettore_8971070	0.13	0.16	0.26	0.32	0.11
3196567	HomerSimpson	0.08	0.01	0.55	0.22	0.11
8814432	Lettore_8814432	0.11	0.29	0.19	0.21	0.18
6745592	Tremalnaik	0.08	0.02	0.59	0.16	0.13
8818032	Pivatelli	0.12	0.23	0.21	0.27	0.14
1448207	valusc	0.11	0.07	0.19	0.56	0.05
1883735	ReNudo	0.18	0	0.54	0.18	0.09
2714819	Ignorante67	0.25	0	0.25	0.46	0.02
9041720	fcoraz	0.22	0.22	0.27	0	0.27
2801866	Hobie_1121993	0.14	0.35	0.24	0.13	0.1
5826939	mortensen	0.12	0.26	0.07	0.27	0.26
5272120	coppino	0.18	0.09	0.3	0.19	0.21
1886062	Pilade	0.25	0.18	0.14	0.11	0.29
1862033	idimis	0.12	0.08	0.28	0.21	0.29
3552546	squinterno	0.08	0.29	0.16	0.35	0.1
9357966	MANIF_POUR_TOUS	0.02	0.03	0.5	0.41	0.01
2891177	renato49	0.11	0.11	0.4	0.3	0.06
2864536	elenabby	0.05	0.15	0.4	0.35	0.05
5251515	Lettore_5251515	0.27	0.16	0.13	0.3	0.1
8860784	Lettore_8860784	0.12	0.12	0.26	0.33	0.14
7826805	cittadinostanco9999	0.08	0.09	0.57	0.14	0.09
3436667	suisfurax	0.36	0.1	0.11	0.25	0.15
9534641	Lettore_9534641	0.2	0	0.2	0.1	0.5
3259637	Lievemente	0.06	0.1	0.46	0.33	0.03
8938222	Lettore_8938222	0.25	0	0.41	0.16	0.16
9816247	QuidsIn	0.12	0.1	0.55	0.16	0.05
9235880	Lettore_9235880	0.03	0.09	0.48	0.35	0.03
7808812	peoplescurrency	0.05	0.03	0.61	0.25	0.04
9071552	Holly	0.04	0.09	0.57	0.23	0.05
9074100	Lettore_9074100	0.04	0.01	0.55	0.35	0.04
9389380	Napolentone	0.52	0.04	0.16	0.12	0.16
5804205	Gleis70	0.16	0.16	0.36	0.26	0.04
9038029	Lettore_9038029	0.1	0.15	0.32	0.26	0.15
1912352	nike	0.09	0.01	0.67	0.2	0.01
480019	Lettore_480019	0.1	0.04	0.46	0.27	0.11
9384886	Lettore_9384886	0.24	0.32	0.11	0.14	0.15
9053042	Napoli72	0.06	0.17	0.39	0.33	0.03
1773939	Red	0.17	0.07	0.44	0.27	0.03
9279590	boris49	0.08	0.12	0.51	0.19	0.08
2546285	pier44	0.2	0.4	0	0	0.4
9867836	Lettore_9867836	0.07	0.02	0.54	0.26	0.09
9868093	waltpernix	0.26	0.05	0.05	0.18	0.44
2960989	Lettore_2960989	0.14	0.14	0.14	0.42	0.14
9390080	Ela	0.14	0.09	0.33	0.23	0.19
7768210	VALSUSINO1	0.04	0.12	0.37	0.25	0.2
9774109	cesamus	0.13	0.11	0.29	0.34	0.11
9045807	Lettore_9045807	0.07	0.43	0.2	0.17	0.1
10044812	Lettore_10044812	0.09	0.17	0.26	0.37	0.09
2782239	matteo_ge	0.38	0.11	0.26	0.15	0.07
9947187	Mac_Rae	0.2	0.1	0.2	0.42	0.06
7732877	Lettore_7732877	0.29	0.07	0.15	0.35	0.1
401864	Lettore_401864	0.11	0.02	0.55	0.25	0.04
2848857	antoluca	0.11	0.33	0.07	0.4	0.07
5654013	opus77	0.1	0.03	0.28	0.54	0.01
8153618	pier52	0.21	0.07	0.4	0.19	0.1
888863	ricerca13	0.06	0.08	0.66	0.08	0.09
10145836	argos80	0.04	0.12	0.6	0.17	0.05
8732291	Lettore_8732291	0.5	0	0	0	0.5
1901901	Albertoms	0.2	0.12	0.3	0.35	0.02
919901	Badguglie	0.24	0.08	0.22	0.35	0.09
5516551	Pierpino	0.1	0.05	0.6	0.13	0.1
5392411	christians	0.08	0.25	0.33	0.16	0.16
2200814	Ilo_1962	0.25	0	0.25	0.25	0.25
3568407	poiuyt21	0.57	0	0	0.14	0.28
9944030	V.C	0.09	0.34	0.25	0	0.31
1854159	ribelle	0.11	0.02	0.59	0.23	0.02
2097057	marcokhan	0.23	0.17	0.52	0	0.05
2463695	Lettore_2463695	0.06	0	0.8	0	0.13
2804088	mastropazzo	0.09	0.03	0.48	0.37	0.01
2892568	trattaratt	0.23	0.07	0.19	0.47	0.02
3527015	charlotte23	0.15	0.23	0.24	0.25	0.11
5390956	Lettore_5390956	0.26	0.15	0.3	0.07	0.19
2432498	areo	0.12	0.25	0.19	0.3	0.11
8335632	Lettore_8335632	0.13	0.09	0.36	0.27	0.13
9826925	Sergente	0.02	0.02	0.76	0.16	0.01
5726608	battibecco	0.07	0.07	0.42	0.4	0.02
2020153	xrandom	0.09	0.01	0.49	0.37	0.01
9091920	Lettore_9091920	0.42	0.05	0.05	0.36	0.1
5450924	Onti11	0.12	0.13	0.24	0.37	0.11
9299995	clmaster	0.34	0.02	0.3	0.25	0.06
1851210	PietroT	0.11	0.11	0.55	0.11	0.11
3107729	Lettore_3107729	0.25	0.12	0.5	0	0.12
9080518	nzr_44mr	0.12	0.03	0.44	0.31	0.08
9043148	Gianpaolo	0.09	0.26	0.21	0.1	0.31
8668817	Lettore_8668817	0.14	0.04	0.54	0.22	0.04
2705029	s1mb074	0.18	0.06	0.31	0.31	0.12
9025435	Alvaro5	0.08	0.04	0.44	0.34	0.08
2183633	foxina	0.06	0.26	0.2	0.13	0.33
2147906	Alex99	0.04	0.08	0.79	0	0.08
8391960	LoreSan	0.08	0.01	0.44	0.44	0.01
932757	fuma47	0.18	0	0.57	0.19	0.04
5399732	Lettore_5399732	0.07	0.07	0.46	0.12	0.25
5258863	ScappoDallItalia	0.05	0.02	0.48	0.35	0.07
299464	MariaB	0.14	0.22	0.25	0.2	0.17
3207117	marcetessa	0.53	0.14	0.15	0.08	0.08
2147960	Lettore_2147960	0.04	0.08	0.25	0.53	0.08
9873465	Lettore_9873465	0.06	0.06	0.42	0.35	0.08
9254556	JUVE.RIMINI	0.18	0.14	0.26	0.23	0.16
2736898	Grease	0.16	0.27	0.09	0.41	0.05
8381228	luigirodini	0.26	0.22	0.18	0.25	0.07
9150764	GiMag	0.13	0.15	0.4	0.26	0.03
2937372	Jopardo	0.09	0.29	0.27	0.25	0.07
4542097	Lettore_Milano	0.02	0.1	0.61	0.23	0.02
3519152	ciacolealvento	0.02	0.06	0.38	0.36	0.15
2524797	Lettore_2524797	0.21	0.25	0.1	0.28	0.14
5746945	Lettore_5746945	0.09	0.04	0.63	0.17	0.05
9998179	Lettore_9998179	0.17	0.12	0.22	0.36	0.11
1074423	Lettore_1074423	0.17	0.05	0.43	0.3	0.03
287991	opinor	0.05	0.05	0.16	0.66	0.05
5328282	separato_16042014	0.14	0.28	0.21	0.14	0.21
1439208	discobuba	0.25	0.22	0.18	0.14	0.18
10030448	pain84	0.4	0.11	0.28	0.17	0.01
9095291	Lettore_9095291	0.03	0.14	0.38	0.35	0.08
3309789	akeiltros	0.14	0.28	0.28	0.14	0.14
1980870	vivo_su_marte	0.18	0.13	0.32	0.29	0.06
1769010	GianfrinScozia	0.03	0.19	0.41	0.18	0.17
7179781	PietroB	0.15	0	0.23	0.53	0.07
3374662	Corbaccio	0.07	0.16	0.45	0.21	0.09
3716145	Lettore_3716145	0.03	0.18	0.37	0.03	0.35
9078084	Piemme67	0.06	0.06	0.65	0.17	0.04
8731341	evasorenonfiscale	0.05	0.23	0.43	0.12	0.15
9075814	Lettore_9075814	0.07	0.21	0.37	0.19	0.14
5688883	CHICCOTLC	0.05	0.1	0.52	0.21	0.1
2159785	Lettore_2159785	0.09	0.63	0	0.09	0.18
6016325	Lettore_6016325	0.1	0.13	0.46	0.13	0.16
5639726	Lettore_5639726	0.24	0.15	0.33	0.12	0.12
3662743	Rubinio	0.1	0	0.5	0.35	0.05
9827914	Zorro_Zorro_zorro	0.13	0.09	0.21	0.12	0.43
9074778	cae62it	0.08	0.09	0.33	0.37	0.11
3541008	quintosertorio	0.4	0.2	0	0.2	0.2
2156577	SiVisPacemParaBellum	0.24	0.03	0.55	0.12	0.03
867238	brokenboa	0.2	0	0.29	0.29	0.2
9946120	Lettore_9946120	0.16	0.08	0.5	0.16	0.08
1773721	feidtublec	0.1	0.1	0.48	0.21	0.09
2906687	guardalaluna	0.04	0.13	0.42	0.26	0.13
10408466	Lorenzo80	0.06	0.37	0.12	0.37	0.06
9037312	Lettore_9037312	0.11	0.22	0.11	0.33	0.22
5693800	coala_2	0.12	0.06	0.43	0.25	0.12
5502118	m.nino	0.16	0.08	0.33	0.16	0.25
8910088	Lettore_8910088	0.03	0.18	0.53	0.12	0.12
9719857	wens	0.07	0.07	0.46	0.07	0.3
3650731	MafaldaR31	0.21	0.23	0.2	0.24	0.08
1867704	NunuPlus69	0.33	0	0	0.33	0.33
9468431	ronny	0.2	0.06	0.2	0.26	0.26
377618	Lettore_377618	0.28	0	0	0.42	0.28
9731991	periclo	0.09	0.22	0.27	0.27	0.13
829931	nauta	0.58	0.07	0.07	0.21	0.05
8440638	Lettore_8440638	0.2	0.4	0	0	0.4
9479142	Egleaphit	0.2	0.03	0.49	0.18	0.09
2113179	ocram67	0.24	0.5	0.05	0.16	0.01
9602569	zaqwax	0.02	0.09	0.37	0.44	0.06
9826891	berenice	0.07	0.23	0.23	0.23	0.23
5415759	Lettore_5415759	0.07	0.14	0.4	0.24	0.12
2020002	Lettore_2020002	0.25	0.25	0.18	0.25	0.06
2693983	Lettore_2693983	0.16	0	0.33	0.33	0.16
625958	ppaolo	0.03	0.13	0.5	0.29	0.02
2035742	Lettore_2035742	0.5	0	0.25	0.12	0.12
8250320	Lukano61	0.15	0.07	0.63	0.12	0.03
2749618	Medsor	0.11	0.27	0.22	0.27	0.11
1983355	Lettore_1983355	0.23	0.01	0.41	0.16	0.17
9124774	Lettore_9124774	0.07	0.14	0.5	0.19	0.08
5097201	epifani0	0.09	0.06	0.2	0.56	0.06
9827437	pippo61	0.15	0.08	0.19	0.54	0.02
10192199	Peps26	0.08	0.04	0.47	0.25	0.14
9653128	Lettore_9653128	0.16	0	0.33	0.33	0.16
2566337	bledraner	0.11	0.44	0.27	0.05	0.11
2779224	Pigione_1893	0.04	0.4	0.31	0.13	0.09
3036067	vitorso99	0.35	0.14	0.07	0.14	0.28
2520442	malloc	0.2	0.03	0.13	0.58	0.03
3282128	Lettore_3282128	0.12	0.25	0.31	0.12	0.18
2079817	m89arco	0.13	0.11	0.11	0.52	0.1
1891155	paoloerre	0.22	0.14	0.29	0.28	0.05
5389354	Lettore_5389354	0.45	0.05	0.15	0.18	0.15
2724308	PGITALIA	0.04	0.28	0.64	0	0.04
9267783	DataPerMorta	0.47	0.05	0.17	0.27	0.02
9074976	Lettore_9074976	0.03	0.18	0.47	0.13	0.17
10306438	Lettore_10306438	0.19	0.02	0.52	0.1	0.15
8488157	Lettore_8488157	0.27	0.05	0.54	0.11	0.01
8905638	zanzi74	0.33	0	0.33	0	0.33
2818268	DomenicoLDG	0.22	0.04	0.52	0.14	0.06
9084527	Lettore_9084527	0.21	0.2	0.1	0.23	0.24
1380153	aarchiar	0.06	0.03	0.33	0.46	0.09
2474790	Lettore_2474790	0.28	0.06	0.39	0.21	0.04
2319512	Ventodelnord88	0.04	0.04	0.82	0.04	0.04
2939542	Lettore_2939542	0.04	0.12	0.67	0.06	0.09
2938698	Lettore_2938698	0.04	0.13	0.13	0.26	0.43
2036224	orcaved	0.08	0.18	0.41	0.22	0.08
2952943	francobene111	0.08	0.14	0.37	0.14	0.25
5361854	valeriosavio1984	0.15	0.13	0.41	0.24	0.05
7768117	toomuchXpoiled	0.26	0.15	0.19	0.11	0.26
8927559	Lettore_8927559	0.15	0.1	0.38	0.27	0.08
2096854	ninolombard	0.06	0.13	0.53	0.2	0.06
2803601	Rascalino1	0.07	0.1	0.4	0.38	0.04
1786494	peppe54	0.1	0.18	0.4	0.15	0.15
8481797	Lettore_8481797	0.31	0.33	0.17	0.13	0.04
5716082	Rivkah	0.05	0.3	0.33	0.21	0.08
10279123	Lettore_10279123	0.04	0.47	0.3	0.09	0.07
8676246	ing.annina	0.02	0.11	0.45	0.36	0.03
1158704	waldimiro	0.21	0.21	0.39	0.1	0.07
10263839	Crimax	0.33	0.05	0.16	0.16	0.27
1863259	dante_fin	0.16	0.16	0.33	0.16	0.16
8870005	vastero	0.06	0.06	0.62	0.2	0.03
2099516	Lettore_2099516	0.17	0.16	0.18	0.32	0.14
9052989	Lettore_9052989	0.2	0.06	0.26	0.2	0.26
3452014	ukunda	0.1	0.11	0.26	0.42	0.07
5367572	Gigi1956	0.07	0.07	0.36	0.4	0.07
2736908	mr.emme	0.27	0.3	0.21	0.16	0.04
9455075	Lettore_9455075	0.13	0.28	0.18	0.26	0.13
3501002	mau_48	0.13	0.57	0.06	0.13	0.08
3204548	vapsga	0.23	0	0.23	0.38	0.15
5193727	chairam	0.1	0.06	0.5	0.31	0.01
6041574	Lettore_6041574	0.11	0.35	0.11	0.11	0.29
8999399	paoloeb2	0.08	0.16	0	0.5	0.25
2937203	sciarada	0.08	0.12	0.44	0.3	0.03
7765718	LordSinclair	0.07	0.38	0.23	0.07	0.23
2606600	Marlon.	0.08	0.13	0.21	0.44	0.11
1432563	Baccheio	0.27	0.21	0.08	0.26	0.16
7774654	Lettore_7774654	0.09	0.12	0.42	0.33	0.01
9120375	Lettore_9120375	0.03	0.03	0.56	0.3	0.05
937796	Lettore_937796	0.08	0.19	0.41	0.22	0.08
2480805	Yuna	0.25	0.08	0.16	0.25	0.25
2780912	Lettore_2780912	0.19	0.13	0.38	0.13	0.13
8904652	Lettore_8904652	0.5	0	0.25	0	0.25
2009242	cervantes	0.11	0.05	0.66	0.11	0.05
9094974	mammadigiammi	0.06	0.1	0.62	0.1	0.1
7759007	sluppo	0.17	0.17	0.51	0.09	0.03
9281448	davidroby	0.08	0.14	0.34	0.34	0.07
5782183	Lettore_5782183	0.4	0.13	0.19	0.13	0.13
8514828	Mahaut	0.25	0.16	0	0.25	0.33
926680	lalys43	0.34	0.2	0.19	0.1	0.13
8221104	TRF957	0.15	0.31	0.35	0.1	0.06
5449162	iannizzero	0.2	0.04	0.39	0.32	0.02
7817346	sbarli	0.17	0.25	0.35	0.17	0.03
2182031	lalage1	0.09	0.24	0.18	0.3	0.18
9072110	Lettore_9072110	0.07	0.07	0.53	0.23	0.07
2892265	franzzzz	0.17	0.11	0.17	0.44	0.09
9050583	Lettore_9050583	0.26	0.06	0.28	0.34	0.03
8855319	Lettore_8855319	0.26	0.14	0.3	0.23	0.04
9658623	Lettore_9658623	0.05	0.05	0.39	0.16	0.32
10279366	Fanango	0.25	0	0	0.37	0.37
2063910	Lettore_2063910	0.5	0	0	0.25	0.25
1870601	Lettore_1870601	0.06	0.07	0.43	0.37	0.05
5645561	Lettore_5645561	0.12	0.32	0.24	0.08	0.24
2795967	fulviovolpe	0.28	0.04	0.33	0.3	0.02
9513128	Lettore_9513128	0.17	0.52	0.13	0.04	0.13
8016953	sindafi	0.06	0.13	0.4	0.26	0.13
9656362	bartred	0.21	0.16	0.29	0.27	0.05
9774322	mikhau	0.16	0.05	0.24	0.44	0.1
8945567	Aldo43	0.12	0.05	0.28	0.37	0.16
8023911	Spreadxxx	0.28	0.09	0.45	0.15	0.01
9878835	dreamer1	0.75	0	0	0	0.25
2939796	merez	0.16	0.3	0.28	0.09	0.15
2861163	Priscilliano	0.05	0.09	0.52	0.3	0.01
1641720	Lettore_1641720	0.02	0.03	0.3	0.6	0.01
9332009	Triton	0.07	0.13	0.46	0.31	0.01
2838896	Lettore_2838896	0.11	0.15	0.33	0.36	0.03
9904317	Lettore_9904317	0.11	0.11	0.11	0.33	0.33
2000428	mauroAE	0.27	0.16	0.27	0.21	0.07
1580497	simplicio	0.12	0.04	0.6	0.08	0.16
845602	Lettore_845602	0.14	0.28	0.28	0	0.28
2319299	babeitas	0.04	0.09	0.21	0.59	0.07
2761945	Lettore_2761945	0.15	0.12	0.46	0.16	0.09
326316	Lettore_326316	0.04	0.14	0.48	0.09	0.22
532207	colombanus	0.17	0.17	0.31	0.22	0.11
1613394	giorgio1950	0.09	0.04	0.52	0.26	0.07
2792423	Lettore_2792423	0.12	0.11	0.38	0.28	0.09
2728224	Lettore_785456	0.01	0	0.67	0.26	0.03
2968966	cv1952	0.14	0.1	0.32	0.3	0.12
9048303	greta26112010	0.03	0.17	0.56	0.17	0.06
2516041	giomart	0.2	0.06	0.53	0.06	0.13
9055309	siculo_73	0.09	0.4	0.18	0.27	0.04
8246103	IamUbik84	0.08	0.17	0.19	0.5	0.04
5816674	Lettore_5816674	0.33	0.16	0.16	0.16	0.16
2594863	ebenza	0.02	0.08	0.52	0.34	0.01
335059	Lettore_335059	0.07	0.06	0.66	0.16	0.02
9009283	Frido	0.06	0.42	0.21	0.14	0.15
2743153	spiritolibero62	0.11	0.1	0.39	0.27	0.1
3211314	Lettore_3211314	0.15	0.24	0.24	0.21	0.13
2797372	antonioantonio	0.06	0.15	0.37	0.28	0.12
5210452	Lettore_5210452	0.1	0.37	0.39	0.11	0.01
2873514	toruzzo	0.07	0.21	0.5	0.07	0.14
2804873	thecas89	0.11	0.11	0.23	0.41	0.11
9902394	toni1951	0.07	0.07	0.47	0.25	0.12
9375093	Medito	0.06	0.4	0.33	0.06	0.13
9357497	Brunarello	0.05	0.19	0.63	0.02	0.08
5172721	Maurizio-MI	0.03	0.04	0.65	0.23	0.03
5660772	anonimoveneziano	0.28	0.14	0.28	0.19	0.09
9051010	direttore	0.12	0.28	0.2	0.19	0.19
1800058	IngegnereKartista	0.33	0.22	0.07	0.28	0.07
991453	Lettore_991453	0.12	0.04	0.3	0.32	0.2
10490992	rosy1415	0.03	0.09	0.41	0.22	0.22
5461038	Lettore_5461038	0.44	0.33	0	0.11	0.11
3262699	Veliero	0.05	0.05	0.6	0.26	0.02
8022952	Lettore_8022952	0.01	0.12	0.41	0.42	0.01
8664210	cjaupole	0.18	0.09	0.35	0.31	0.05
2888577	sergrt	0.05	0.25	0.55	0.05	0.1
2726099	Pasquale_Paoli	0.1	0.04	0.13	0.69	0.01
329734	fbarto	0.34	0.3	0.04	0.08	0.21
8747777	ireago	0.06	0.06	0.61	0.12	0.13
1957868	robpc56	0.04	0.29	0.41	0.2	0.04
9835782	Lettore_9835782	0.02	0.23	0.47	0.2	0.05
97726	AlleMB	0.17	0.05	0.39	0.23	0.13
293011	max987	0.06	0.4	0.26	0.13	0.13
9077431	Dogarina	0.12	0.08	0.31	0.29	0.17
1817908	jo-nik	0.02	0.01	0.54	0.38	0.02
1842346	Lettore_1842346	0.2	0.2	0.32	0.22	0.04
9886002	1933	0.06	0.25	0.34	0.12	0.21
9423899	Lettore_9423899	0.15	0.37	0.17	0.25	0.05
9659025	Marione	0.02	0.1	0.39	0.37	0.11
9077376	massi1964	0.08	0.08	0.43	0.29	0.1
7767232	pirimpilla	0.17	0.28	0.32	0.1	0.1
9109307	rosarioamicoroxas	0.18	0.04	0.53	0.15	0.08
2854914	giandrea77	0.09	0.14	0.29	0.39	0.07
9145434	Anghia	0.06	0.53	0.13	0.13	0.13
2162511	Lettore_2162511	0.11	0.29	0.27	0.23	0.07
2779421	Lettore_2779421	0.19	0.15	0.11	0.35	0.17
2941984	marques_de_pombal	0.12	0.12	0.28	0.43	0.02
9854962	1948	0.06	0.11	0.43	0.34	0.04
9446761	Lettore_9446761	0.06	0.08	0.38	0.25	0.2
3531918	JEANDEC55	0.65	0.05	0.16	0.11	0.01
9049619	Lettore_9049619	0.06	0.11	0.52	0.18	0.11
9150562	arizona2	0.08	0.17	0.55	0.13	0.04
9078195	Lettore_9078195	0.01	0.08	0.47	0.37	0.04
5280754	fabrizio74_74	0.03	0.44	0.48	0	0.03
8829829	ambross	0.08	0.04	0.45	0.39	0.02
8792880	marcofan	0.37	0.18	0.12	0.25	0.06
1952945	rogad79	0.09	0.26	0.14	0.45	0.03
2159119	Lettore_2159119	0.02	0.04	0.65	0.22	0.04
8967509	nicolascialoja	0.1	0.04	0.49	0.32	0.04
859839	realsicilian	0.1	0.2	0.3	0.36	0.03
2698850	redz68	0.03	0.23	0.28	0.43	0.01
9685129	Lettore_9685129	0.11	0.11	0.33	0.3	0.11
2516380	SAFETY61	0.58	0	0.16	0.16	0.08
9774301	neffes	0.1	0.01	0.59	0.23	0.04
8516255	grambo	0.25	0.1	0.25	0.2	0.2
7760642	Lettore_7760642	0.23	0.3	0.3	0.03	0.11
9047202	Lettore_9047202	0.41	0	0.25	0.16	0.16
7799953	memorespecuniae	0.31	0.29	0.17	0.09	0.12
2955582	denci1964	0.13	0.11	0.49	0.2	0.05
5766841	nuvolla23	0.13	0.04	0.39	0.26	0.16
8874482	mogianno	0.07	0.07	0.61	0.15	0.07
9524872	MOONRAY.	0.2	0.11	0.32	0.11	0.23
3652846	anna47	0.06	0.19	0.27	0.4	0.06
9310597	Lettore_9310597	0.18	0.07	0.31	0.25	0.16
9067392	goffredo	0.01	0.02	0.37	0.46	0.11
1795689	eugenio46	0.04	0.28	0.5	0.07	0.07
9641595	Lettore_9641595	0.15	0.15	0.37	0.22	0.1
2535599	Ecate	0.06	0.03	0.57	0.28	0.04
5228395	Lettore_5228395	0.15	0.14	0.22	0.41	0.05
9050500	Girasole	0.1	0.08	0.48	0.26	0.06
9134488	Lettore_9134488	0.1	0.26	0.36	0.15	0.1
5830110	Lettore_5830110	0.28	0.18	0.13	0.18	0.21
5639850	klaatu59	0.21	0.07	0.42	0.13	0.15
797516	matrixmorbidoso	0.16	0.08	0.37	0.31	0.06
9040123	ramoizevir	0.14	0.05	0.39	0.32	0.1
3026132	Lettore_3026132	0.1	0.07	0.13	0.47	0.21
5506724	rossigeologo	0.23	0	0.41	0.23	0.11
9742777	Kristal	0.22	0.13	0.38	0.24	0.01
5232887	Lettore_5232887	0.15	0.34	0.21	0.05	0.23
5336303	Lettore_5336303	0.08	0.12	0.11	0.67	0.02
1100105	Alexssxandro	0.05	0.13	0.64	0.11	0.05
9826423	Mustanghino	0.33	0.22	0.28	0.06	0.09
3207672	formichiere	0.16	0	0.33	0.33	0.16
410599	fporto	0.2	0.4	0	0.2	0.2
8841230	vallemon	0.03	0.02	0.61	0.26	0.06
1807022	webbolo	0.21	0.23	0.12	0.25	0.17
1874133	Lettore_1874133	0.17	0.04	0.39	0.26	0.11
9038083	Lettore_9038083	0.08	0.23	0.3	0.27	0.08
2319012	nicknamlibero	0.01	0.05	0.66	0.11	0.13
2562539	aldocar	0.07	0.03	0.63	0.18	0.06
9543924	JCorr	0.26	0.09	0.19	0.26	0.19
8790373	Alik61	0.21	0.22	0.34	0.16	0.04
5998900	ilNibbio	0.1	0.14	0.2	0.37	0.16
9369447	Lettore_9369447	0.13	0.27	0.22	0.18	0.18
5847363	Lettore_5847363	0.12	0.09	0.46	0.21	0.09
3067873	Mauro46	0.12	0.12	0.62	0	0.12
657	ForteMente	0.14	0.21	0.35	0.1	0.17
8323696	Lettore_8323696	0.2	0.1	0.5	0	0.2
10509113	OcchiChiusi	0.22	0.22	0.22	0	0.33
9146303	allstarz	0.01	0.11	0.4	0.44	0.01
2184810	mariminu	0.19	0.25	0.29	0.12	0.12
9076576	Lettore_9076576	0.05	0.16	0.42	0.24	0.11
2811930	ico159	0.19	0.04	0.47	0.14	0.14
5684652	Franz82	0.1	0.16	0.33	0.37	0.02
2783784	hastalavictoria2009	0.07	0.05	0.48	0.36	0.02
9332452	kochka	0.04	0.24	0.19	0.29	0.22
8884717	Lettore_8884717	0.31	0.16	0.23	0.1	0.17
5421360	Valeria...	0.03	0.39	0.21	0.21	0.15
8247879	Bjelka2013	0.16	0.07	0.35	0.34	0.06
9197079	Homorusticus	0.41	0.03	0	0.24	0.31
7956685	biondo1960	0.1	0.05	0.65	0.15	0.05
3708125	SAYAN50	0.03	0.03	0.65	0.14	0.12
2852975	afdera	0.03	0.07	0.49	0.37	0.01
3458941	francodieci	0.09	0.03	0.6	0.18	0.09
5703549	veloce	0.29	0.06	0.28	0.25	0.09
9563286	Edward_Kenway	0.32	0.08	0.12	0.4	0.06
9195793	maurob	0.18	0.06	0.18	0.06	0.5
8885584	baroreddu	0.03	0.05	0.73	0.13	0.04
3198338	Lettore_3198338	0.09	0.01	0.66	0.2	0.02
9231554	Lettore_9231554	0.17	0.04	0.21	0.53	0.02
913343	eagle1	0.12	0.03	0.5	0.17	0.17
2857568	spillobilli	0.06	0.06	0.56	0.12	0.18
2980727	Lettore_2980727	0.07	0.11	0.3	0.18	0.31
8147952	normabevin	0.3	0.05	0.31	0.21	0.1
9223283	martins	0.02	0.38	0.23	0.17	0.17
751600	CatoneIlCensore	0.07	0.35	0.35	0.14	0.07
2815650	doppiavela	0.15	0	0.46	0.23	0.15
1907750	komerompi	0.15	0.07	0.3	0.23	0.23
819889	Braun30	0.4	0.2	0	0.2	0.2
3644151	Lettore_Shar	0.1	0.06	0.4	0.29	0.13
2190958	jadefox	0.25	0.08	0.25	0.33	0.08
3074344	praiese_doc	0.1	0.35	0.25	0.25	0.05
1823261	Perla_nera	0.16	0.32	0.24	0.22	0.04
5858396	britas	0.1	0	0.2	0.6	0.1
9247488	mercurio12	0.08	0.04	0.14	0.66	0.08
1334847	aletoro1954	0.07	0	0.38	0.48	0.05
3205820	bongo1	0.03	0.02	0.74	0.17	0.01
9175635	Lettore_9175635	0.11	0.11	0.33	0	0.44
9333015	Lettore_9333015	0.04	0.14	0.57	0.18	0.05
1826022	Lettore_1826022	0.07	0.05	0.27	0.56	0.03
9127042	zialore	0.14	0.17	0.44	0.17	0.06
3024699	Lettore_884568	0.27	0.2	0.22	0.2	0.08
8803248	katosullivan	0.1	0.16	0.38	0.27	0.07
3417158	zorro54	0.11	0.09	0.31	0.32	0.15
8883872	Lettore_8883872	0.04	0.02	0.56	0.33	0.02
2013475	Marale	0.09	0.03	0.29	0.55	0.01
5401992	andriy07	0.23	0.13	0.2	0.29	0.13
9056788	recherche	0.1	0	0	0.6	0.3
1842472	giulio47	0.05	0.05	0.23	0.52	0.11
5861422	Lettore_5861422	0.37	0.11	0.14	0.26	0.09
1903992	cxar71	0.15	0.41	0.21	0.11	0.1
9070816	marzia	0.02	0.36	0.32	0.22	0.06
5397523	Lettore_5397523	0.12	0.23	0.46	0.1	0.07
2885018	Lettore_2885018	0.1	0.26	0.52	0.05	0.05
7960920	Lettore_7960920	0.22	0.08	0.22	0.36	0.11
9687934	Moekefritte	0.11	0.11	0.38	0.27	0.11
1128714	beam	0.11	0.22	0.11	0.22	0.33
2117060	Marioga	0.17	0.11	0.3	0.27	0.13
8304717	marco80Roma	0.25	0.25	0	0.25	0.25
2548329	Kostaf	0.33	0.16	0.16	0.16	0.16
3611843	campofreddo	0.07	0.17	0.18	0.51	0.04
9656403	fransis	0.02	0.07	0.82	0.04	0.04
1915927	Lettore_1915927	0.08	0.25	0	0.41	0.25
3570089	lunigianaman	0.15	0.16	0.27	0.2	0.21
1794607	Lettore_1794607	0.47	0.05	0.2	0.18	0.09
1669090	runaway	0.1	0.11	0.31	0.33	0.12
9244447	Lettore_9244447	0.5	0	0.25	0	0.25
8404681	asvingin	0.09	0.03	0.57	0.25	0.04
1931691	Ilvecchiocarson	0.13	0.2	0.26	0.06	0.33
9829743	acrostik	0.13	0	0.64	0.13	0.08
529130	Angin	0.18	0.22	0.21	0.08	0.27
1792161	Sergio_UCLA	0.46	0	0.25	0.25	0.01
300274	Totoaccento	0.15	0.13	0.24	0.42	0.03
3652727	cagian	0.06	0.02	0.79	0.06	0.06
2834447	publius48	0.01	0	0.68	0.28	0.02
1642665	domino	0.2	0.15	0.33	0.21	0.1
2007463	goodnews	0.02	0.17	0.51	0.19	0.07
2748579	nuovo_duce	0.22	0.07	0.29	0.22	0.18
3301033	wamoshondo	0.18	0.18	0.32	0.16	0.13
5825045	Dome89	0.05	0.12	0.12	0.65	0.05
3539377	francofabbrica	0.16	0.16	0.44	0.16	0.05
2832755	Lettore_2832755	0.06	0.06	0	0.75	0.12
2495542	tetto47	0.05	0.1	0.42	0.1	0.31
2972596	valleolona46	0.1	0.15	0.27	0.37	0.08
8456926	Lettore_8456926	0.13	0.07	0.44	0.28	0.05
2709171	Lettore_2709171	0.09	0.2	0.51	0.16	0.01
9081994	Lettore_9081994	0.4	0.09	0.17	0.29	0.02
10327171	ValeD	0.14	0.16	0.31	0.27	0.1
10383319	BradSheene	0.1	0.03	0.64	0.17	0.03
9233780	Lettore_9233780	0.06	0.03	0.43	0.35	0.1
2507935	Lettore_2507935	0.5	0	0	0	0.5
2832213	cenghiaro50	0.28	0.03	0.04	0.6	0.02
2759614	Polniuman	0.21	0.3	0.09	0.23	0.14
8037661	solcio	0.06	0.14	0.64	0.1	0.06
8986962	Maximvs	0.03	0.38	0.38	0	0.19
8495134	kAeL044y	0.25	0.07	0.3	0.1	0.25
2162870	Alesbills	0.24	0.08	0.32	0.28	0.08
8033211	Lettore_8033211	0.13	0.19	0.36	0.26	0.04
5167674	BITA2102	0.09	0.09	0.47	0.3	0.02
3359026	Lettore_3359026	0.12	0.17	0.48	0.16	0.06
1610037	risano	0.08	0.1	0.15	0.62	0.02
1429377	Sas	0.02	0.58	0.25	0.08	0.04
2854757	Lettore_2854757	0.24	0.27	0.17	0.2	0.1
5499674	Lettore_5499674	0.04	0.05	0.82	0.04	0.04
9671317	Nory	0.11	0	0.33	0.22	0.33
9470290	nadamas	0.1	0.07	0.56	0.16	0.07
1882025	polipo	0.3	0.17	0.28	0.18	0.04
6044379	Lettore_6044379	0.03	0.15	0.43	0.18	0.18
2565887	puertorico	0.12	0.34	0.4	0.01	0.1
2106331	michelina73	0.04	0.14	0.58	0.14	0.08
5397119	molesyo	0.16	0.33	0.33	0	0.16
9769851	Lettore_9769851	0.21	0	0.21	0.35	0.21
28792	maxmirolo	0.03	0.09	0.42	0.43	0.01
9871760	Graziella2201	0.08	0.39	0.13	0.34	0.04
5210380	francesco37	0.05	0.16	0.48	0.15	0.14
3650060	Lettore_3650060	0.23	0.15	0.23	0.29	0.08
5097742	Bagalone	0.2	0.12	0.24	0.38	0.04
8760808	Lettore_8760808	0.06	0.07	0.53	0.28	0.04
9603048	Lettore_9603048	0.12	0	0.37	0.37	0.12
3021089	Lettore_3021089	0.28	0.14	0.28	0	0.28
10058952	Lettore_10058952	0.01	0.18	0.47	0.21	0.1
8120878	max938	0.31	0.08	0.15	0.23	0.2
2816458	AD6152	0.21	0.08	0.58	0.05	0.06
6746546	terzopiano	0.17	0.06	0.62	0.1	0.03
527148	serpio38	0.08	0.15	0.49	0.22	0.03
8731945	ingoddi	0.13	0.06	0.31	0.37	0.1
7403119	mazzocchi5	0.12	0.12	0.37	0.25	0.12
10016761	CurzonStreet	0.02	0.1	0.4	0.28	0.18
3527306	Lettore_3527306	0.05	0.02	0.69	0.1	0.11
1802967	dizzymisslizzy	0.21	0.02	0.5	0.21	0.04
9072497	Mariolino	0.12	0.04	0.41	0.36	0.05
2046861	Gabrichan46	0.02	0.19	0.36	0.25	0.17
9078806	Lettore_9078806	0.45	0.09	0.12	0.2	0.11
2989762	Bigtree	0.11	0.33	0.28	0.04	0.21
2065691	italoargentino65	0.06	0.18	0.44	0.26	0.06
8858375	Lettore_8858375	0.12	0.06	0.35	0.4	0.04
412393	emanuele00	0.02	0.15	0.56	0.15	0.1
1913385	fabro1969	0.21	0.05	0.24	0.44	0.04
5220414	Confrontiamoci	0.06	0.26	0.13	0.39	0.13
10070720	DavideTarma87	0.02	0.02	0.6	0.33	0.02
936394	Lettore_936394	0.12	0.51	0.19	0.04	0.12
3719125	Lettore_3719125	0.12	0.5	0.12	0.12	0.12
3265808	toroazul	0.1	0.23	0.38	0.23	0.05
10383437	lunaviola3	0.06	0.02	0.67	0.23	0.01
9210489	Lettore_9210489	0.11	0.11	0.55	0.11	0.11
8794692	alexseo	0.05	0.15	0.2	0.42	0.17
5660577	ilcalabrone	0.13	0.26	0.26	0.21	0.13
5692736	furlane	0.11	0.22	0.11	0.4	0.13
2897623	mbotawy1	0.15	0.12	0.4	0.09	0.21
3296122	vomerese	0.04	0.08	0.42	0.34	0.1
9873070	Petrolio	0.02	0.07	0.52	0.35	0.02
1055860	ElfQrin	0.19	0.17	0.33	0.16	0.13
1771633	Lettore_1771633	0.01	0.02	0.55	0.37	0.02
10222310	Lettore_10222310	0.25	0.25	0.25	0	0.25
2717515	tristano58	0.01	0.06	0.74	0.13	0.03
5817027	AIREDALE	0.09	0.09	0.6	0.12	0.07
2493221	plutus	0.09	0.33	0.33	0.19	0.04
3617928	Marianodimeo	0.14	0.42	0.28	0	0.14
9441416	Lettore_9441416	0.37	0	0.18	0.07	0.35
2833792	Lowelheim	0.06	0.1	0.51	0.27	0.03
5389693	Harlock69	0.09	0.09	0.48	0.32	0.01
2866489	Lettore_1912	0.13	0.19	0.23	0.13	0.29
2738715	brina33	0.18	0.23	0.22	0.21	0.13
1785836	Lettore_1785836	0.29	0.05	0.35	0.17	0.11
5836244	burocracy	0.25	0.15	0.3	0	0.3
389627	vir53	0.01	0.05	0.66	0.15	0.09
2328354	Bago57	0.15	0.29	0.27	0.24	0.02
8926343	BiancaSpina	0.1	0.4	0.2	0.2	0.1
1938720	genioarcipelago	0.34	0.07	0.19	0.33	0.05
2241524	alex69brasile	0.07	0.14	0.21	0.28	0.28
2735319	Nervoscoperto	0.09	0.02	0.77	0.08	0.02
9137186	DarioFi	0.02	0.02	0.31	0.57	0.05
9037290	Lettore_9037290	0.01	0.01	0.75	0.15	0.06
2026684	Nadera	0.05	0.15	0.52	0.18	0.08
10004911	noallatv	0.21	0.06	0.26	0.38	0.06
9786425	maspik	0.06	0.03	0.8	0.06	0.03
9004931	faroannita	0.2	0	0	0.4	0.4
2786589	giorzito	0.05	0.12	0.54	0.18	0.09
767516	Angelo1968	0.13	0.03	0.6	0.1	0.13
9063328	Lettore_9063328	0.07	0.1	0.61	0.16	0.04
9616939	Lettore_9616939	0.08	0.01	0.67	0.2	0.02
3505726	Lettore_3505726	0.27	0.03	0.33	0.24	0.11
9843879	wlvs	0.02	0.03	0.3	0.58	0.05
5434788	cinzia45	0.03	0.17	0.34	0.3	0.14
117058	edoluz	0.33	0	0.16	0	0.5
9302669	Lettore_9302669	0.08	0.16	0.33	0.16	0.25
3011394	bg78val	0.1	0.1	0.4	0.3	0.1
9777839	2084387	0.36	0.07	0.3	0.17	0.07
3663280	Lettore_3663280	0.22	0	0.44	0.19	0.13
1940447	Stirrup	0.21	0.07	0.28	0.07	0.35
9716704	ap00363	0.08	0.09	0.38	0.27	0.16
1717137	ciano.64	0.01	0.06	0.47	0.37	0.06
9045435	kingborn	0.04	0.01	0.85	0.03	0.04
5282189	Lettore_5282189	0.03	0.04	0.6	0.13	0.18
9103288	selih	0.04	0.11	0.59	0.16	0.07
630442	CrimsonKing	0.25	0.25	0	0	0.5
5456309	Lettore_5456309	0.12	0.33	0.33	0.16	0.04
5660544	drummer56	0.51	0.01	0.01	0.42	0.03
9635007	Poldo49	0.16	0.16	0.2	0.39	0.07
300130	scisci	0.05	0.1	0.65	0.15	0.05
2899684	Lettore_2899684	0.5	0	0	0	0.5
2378248	marcello950	0.11	0.22	0.33	0.22	0.11
5276258	Alberto_2718	0.01	0.31	0.41	0.21	0.03
505793	giorvani	0.21	0.03	0.15	0.56	0.01
5432397	Lettore_5432397	0.16	0.16	0.29	0.32	0.06
355949	bluejay	0.09	0.05	0.34	0.36	0.13
1785614	Lettore_1785614	0.06	0.12	0.32	0.38	0.1
405693	Miiiiiiiii!	0.29	0.17	0.21	0.21	0.09
2882608	Devigly	0.06	0.13	0.37	0.22	0.19
2919132	Lettore_2919132	0.5	0.12	0	0.12	0.25
5340326	Lettore_5340326	0.04	0.04	0.36	0.45	0.09
9059849	Tania	0.1	0.13	0.35	0.35	0.05
9557869	CharlesG	0.09	0.36	0.45	0	0.09
753397	UzziCarol	0.15	0.23	0	0.15	0.46
10121817	Lettore_10121817	0.3	0.2	0.2	0	0.3
8779028	Lettore_8779028	0.08	0.14	0.31	0.4	0.05
2901922	CastIronPuppet	0.2	0.16	0.04	0.5	0.08
2392022	ever01	0.3	0.2	0.08	0.2	0.19
2338681	lukferr	0.05	0.13	0.53	0.07	0.2
1812416	pasdes	0.03	0.07	0.4	0.43	0.04
5711747	Lettore_5711747	0.09	0.09	0.36	0.27	0.18
311550	Lettore_311550	0.16	0.01	0.38	0.37	0.06
5642100	SILVANO-F	0.04	0.27	0.36	0.09	0.22
2611632	pietrotrani	0.02	0.21	0.61	0.11	0.03
8008070	tauromino	0.25	0.09	0.26	0.11	0.27
992343	carlo196	0.06	0.1	0.39	0.17	0.26
2515794	pvalentino	0.2	0	0.6	0	0.2
7778310	Angeloraffaele	0.04	0.04	0.76	0.1	0.03
9388700	Lettore_9388700	0.07	0.02	0.59	0.25	0.05
2766721	itsoisi	0.11	0.11	0.38	0.33	0.05
8735285	mamidear	0.03	0.17	0.36	0.4	0.01
2505905	Lettore_2505905	0.09	0.02	0.69	0.16	0.02
9775346	palolo80	0.15	0.09	0.48	0.17	0.09
5717416	totonno51	0.08	0	0.73	0.15	0.02
8748691	Dark1	0.17	0.29	0.08	0.19	0.25
9394140	Lettore_9394140	0.08	0.09	0.4	0.25	0.16
5560238	LadyRings	0.25	0.24	0.14	0.18	0.17
8836796	Lettore_8836796	0.23	0.04	0.19	0.19	0.33
2101614	Lettore_2101614	0.19	0.32	0.06	0.23	0.17
9127702	Glicine	0.01	0.28	0.16	0.19	0.33
9987074	billiejean82	0.14	0	0.14	0.57	0.14
9632140	nopetradelicado	0.02	0.04	0.65	0.23	0.04
5664321	carlo6	0.12	0.43	0.13	0.17	0.13
1415300	marco83	0.05	0.11	0.27	0.22	0.33
5697268	solgenio	0.33	0.33	0	0	0.33
5298563	Lettore_5298563	0.18	0.18	0.18	0.37	0.06
2064009	V.Zaitzev	0.4	0.12	0.22	0.15	0.08
1875509	stefros	0.05	0.11	0.25	0.52	0.05
9062044	Lettore_9062044	0.1	0.11	0.48	0.11	0.17
5752042	Lettore_5752042	0.09	0.12	0.39	0.29	0.1
9056838	Lettore_9056838	0.12	0.17	0.17	0.37	0.15
712936	RikiintheSky	0.15	0.57	0.06	0.18	0.03
9387827	000sil0000	0.1	0.38	0.19	0.22	0.08
6037815	Jake	0.15	0.11	0.33	0.29	0.09
2803479	fabio74	0.14	0.25	0.23	0.3	0.07
10056945	Lettore_10056945	0.05	0.15	0.51	0.18	0.07
8089539	darius74	0.1	0.29	0.26	0.24	0.08
1874991	Lettore_1874991	0.08	0.04	0.69	0.15	0.02
9044852	Lettore_9044852	0.18	0.09	0.18	0.36	0.18
9083020	Logaen	0.14	0.31	0.23	0.24	0.06
1920281	boromirss	0.08	0.15	0.34	0.27	0.13
9049716	Storno	0.2	0.35	0.15	0.2	0.1
5641317	pineto1953	0.07	0.09	0.48	0.22	0.11
3337828	TLV	0.07	0.23	0	0.53	0.15
2514915	fijomi	0.45	0.06	0	0.46	0.01
9040265	Lettore_9040265	0.08	0.04	0.46	0.31	0.08
8466594	ingy	0.08	0.06	0.21	0.59	0.04
9589470	MarcelloGrave	0.17	0.06	0.53	0.21	0.02
9071943	andy-drew	0.35	0	0.11	0.23	0.29
9797411	ILFLAGELLATORE	0.36	0.1	0.12	0.36	0.03
8909771	damarc	0.09	0.15	0.22	0.24	0.27
8780979	luciano.ch	0.02	0.12	0.37	0.42	0.05
9633276	Vanno	0.26	0.26	0.26	0.04	0.17
9827460	sire01	0.16	0.48	0.14	0.18	0.02
1786502	Lettore_1786502	0.2	0.1	0.2	0.3	0.2
3690476	vivimero	0.2	0.12	0.37	0.12	0.17
3107603	Lettore_3107603	0.05	0.03	0.51	0.34	0.05
2780190	Lettore_2780190	0.02	0.1	0.35	0.1	0.4
10283360	A.Girardin	0.03	0.25	0.45	0.09	0.16
1931221	Lettore_1931221	0.04	0.14	0.52	0.23	0.04
9215595	jimmy84	0.08	0.36	0.22	0.17	0.14
10569024	Aragor	0.08	0.4	0.28	0.21	0.01
5397840	PPRomanelli	0.04	0.19	0.42	0.21	0.12
9056955	MarcoDV	0.01	0	0.45	0.46	0.06
2993221	serox1	0.07	0	0.57	0.19	0.15
2753537	Fozzie	0.18	0.04	0.4	0.35	0.01
9086499	lettoreabc	0.08	0.15	0.5	0.1	0.16
5091379	enr1k0	0.08	0.17	0.37	0.34	0.02
1902256	Lettore_1902256	0.04	0.01	0.74	0.14	0.05
5133539	Lettore_5133539	0.07	0.07	0.61	0.15	0.07
1133012	ironvet80	0.16	0.28	0.17	0.25	0.11
9059442	Lettore_9059442	0.35	0.2	0.17	0.18	0.07
5436840	Domina	0.07	0.17	0.28	0.37	0.09
9745269	Lettore_9745269	0.2	0.06	0.25	0.08	0.37
2860146	Lybra	0.16	0.16	0.33	0.16	0.16
9121594	Lettore_9121594	0.4	0.19	0.12	0.22	0.05
2683880	dokkydokky	0.1	0.2	0.1	0.2	0.4
2422864	102010	0.05	0.05	0.75	0.05	0.1
10020752	Lettore_10020752	0.04	0.1	0.69	0.11	0.04
3285968	corte1986	0.07	0.37	0.14	0.25	0.14
3689462	inuksuk	0.11	0.24	0.25	0.24	0.14
5303331	Mary_Ann	0.15	0.24	0.28	0.13	0.18
7832173	Lettore_7832173	0.1	0.09	0.33	0.36	0.09
993125	vito_spericolato	0.23	0.07	0	0.61	0.07
5202225	ghenne	0.18	0	0.18	0.36	0.27
2298070	toblack	0.01	0.09	0.36	0.5	0.01
2749893	verita	0.06	0.15	0.52	0.08	0.16
8435603	Antares1982	0.24	0.1	0.25	0.27	0.12
5825992	rds1948	0.09	0.19	0.33	0.27	0.11
2066586	Lettore_2066586	0.07	0.08	0.69	0.1	0.03
9801487	bicocchino	0.07	0.1	0.28	0.48	0.04
8376851	sill56	0.06	0.16	0.22	0.35	0.19
9022828	Lettore_9022828	0.07	0.09	0.36	0.35	0.11
2956619	blue29	0.23	0	0.38	0.31	0.06
5261529	Dexino	0.14	0.21	0.12	0.46	0.05
9062886	Lettore_9062886	0.28	0.05	0.29	0.27	0.08
3368013	wave_rider_GR	0.07	0.14	0.32	0.25	0.21
5521484	MauroUsai	0.31	0.13	0.13	0.39	0.02
9183483	ilia	0.14	0.12	0.38	0.13	0.2
9511397	quaquaquaqua	0.13	0.14	0.44	0.24	0.03
8023980	AlexMayer	0.33	0.05	0.25	0.33	0.02
2772445	MadLInus	0.01	0.09	0.56	0.27	0.05
9180620	ByBus	0.12	0.14	0.21	0.45	0.05
9038512	ForwardObserver	0.14	0.18	0.07	0.29	0.29
3033408	Lettore_3033408	0.24	0.17	0.26	0.1	0.21
5833772	Lettore_5833772	0.09	0.09	0.27	0.09	0.45
2812521	Lettore_2812521	0.1	0.03	0.41	0.42	0.01
1775571	cieloroma	0.3	0.01	0.2	0.41	0.05
7924662	Paolobz	0.02	0.04	0.32	0.58	0.02
3444552	ookuboo	0.14	0	0.42	0.28	0.14
8852098	luciosergiocatilina	0.2	0.12	0.36	0.21	0.08
2735772	pensando	0.04	0.04	0.4	0.47	0.04
2761091	Lettore_2761091	0.02	0.11	0.4	0.37	0.08
2196833	Lettore_2196833	0.07	0.23	0.38	0.23	0.07
1935182	Lettore_1935182	0.07	0.05	0.56	0.18	0.12
2757828	Lettore_2757828	0.04	0.06	0.5	0.34	0.03
5259276	Sostenibile1	0.07	0.02	0.63	0.19	0.07
8348933	thebirillo67	0.03	0.11	0.43	0.35	0.06
401153	Lettore_401153	0.11	0.11	0.32	0.31	0.11
9166251	oraz	0.42	0	0.14	0.14	0.28
5223469	wemesh	0.02	0.05	0.33	0.53	0.03
2120602	zelig7	0.08	0.04	0.12	0.45	0.29
9431252	vitt44	0.12	0.1	0.27	0.37	0.12
673692	magma3	0.15	0.23	0.07	0.07	0.46
10292640	WaoaW	0.1	0.3	0.2	0.1	0.3
9829872	300	0.06	0.06	0.66	0.06	0.13
9230341	Adani	0.15	0.08	0.31	0.36	0.07
2025568	danielebassani	0.11	0.17	0.51	0.15	0.04
2859607	juventus29	0.2	0.4	0	0	0.4
5796721	Albernio	0.32	0.05	0.29	0.32	0.01
9774370	Morsbach	0.1	0.02	0.54	0.25	0.07
5436115	Lettore_5436115	0.1	0.14	0.53	0.11	0.1
2784115	giscotech	0.2	0.2	0.4	0	0.2
9078263	angel	0.03	0.1	0.44	0.37	0.03
8273889	Catone1960	0.15	0.06	0.58	0.12	0.06
3502536	Rossla	0.1	0.11	0.49	0.23	0.05
967639	franco101	0.05	0.06	0.55	0.25	0.06
9685615	Da1955	0.06	0.12	0.75	0	0.06
3701598	kazanci	0.15	0.4	0.25	0.15	0.05
3004627	tekilabumbum	0.26	0.23	0.36	0.08	0.04
300811	Lettore_300811	0.02	0.17	0.69	0.02	0.07
5672612	Lettore_5672612	0.29	0.14	0.35	0.15	0.05
8733770	aoriente	0.16	0.1	0.33	0.2	0.2
2716259	Lettore_2716259	0.02	0.04	0.73	0.13	0.05
5418934	Lettore_5418934	0.11	0.06	0.39	0.34	0.08
9636981	Lettore_9636981	0.28	0.14	0.22	0.3	0.03
3003410	giarinaisolo	0.13	0.05	0.57	0.2	0.04
9962639	gipar	0.06	0	0.81	0.06	0.06
9431239	GrandePuffo	0.23	0.3	0.15	0.15	0.15
5675269	Esegeta	0.17	0.19	0.29	0.18	0.15
9078932	Turk182	0.11	0.44	0.03	0.29	0.11
2820082	Robert080	0.13	0.04	0.52	0.2	0.09
3696131	bibi1946	0.04	0.12	0.25	0	0.58
1674347	daniber58	0.12	0.12	0.56	0.06	0.12
8980388	maury_number_one	0.12	0.1	0.37	0.3	0.08
2950773	giuliano.rizzi	0.21	0.21	0.13	0.21	0.21
1655200	lettoretriestino	0.14	0.25	0.1	0.33	0.16
2725394	KorinaMale	0.02	0.46	0.14	0.24	0.12
5406298	dirper	0.25	0.03	0.46	0.14	0.1
9037773	Alesemme	0.07	0.36	0.31	0.15	0.07
9080187	Winchman	0.08	0.15	0.4	0.28	0.07
2006813	Unplogged	0.13	0.08	0.47	0.26	0.03
9061592	petra	0.04	0.21	0.53	0.09	0.11
849628	robyv	0.01	0.07	0.48	0.34	0.08
9041505	Lettore_9041505	0.08	0.41	0.08	0.25	0.16
8020427	rugougo	0.06	0.17	0.41	0.06	0.27
322609	Lettore_322609	0.05	0.01	0.8	0.04	0.08
1871385	xema35	0.05	0.25	0.37	0.25	0.05
3319364	robpen	0.26	0.16	0.19	0.23	0.14
9085778	Lettore_9085778	0.08	0.04	0.45	0.37	0.04
10141026	Lettore_10141026	0.2	0.17	0.34	0.26	0.01
1499682	PGSSEM	0.09	0.1	0.35	0.3	0.13
242524	maxranzy	0.17	0.32	0.22	0.12	0.15
2260049	Lettore_2260049	0.2	0.22	0.05	0.25	0.25
2930888	Lettore_2930888	0.1	0.14	0.25	0.37	0.1
2745063	maumaumm	0.01	0.07	0.7	0.19	0.01
9136826	Lettore_9136826	0.13	0.06	0.33	0.06	0.4
9756262	saraconlacca	0.19	0.13	0.26	0.29	0.1
8884181	Pinoct	0.1	0.15	0.3	0.34	0.09
3302618	Lettore_3302618	0.08	0.21	0.22	0.38	0.08
2611090	fresco09	0.1	0.05	0.28	0.53	0.02
9048009	lucpav73	0.1	0.1	0.62	0.04	0.12
9867763	Codicerosso	0.07	0.2	0.4	0.25	0.07
8238866	blusphere	0.02	0.1	0.4	0.44	0.01
3055447	rambosat	0.12	0.09	0.42	0.31	0.03
9041862	giaco_76	0.09	0.23	0.19	0.23	0.23
2847010	attil	0.12	0.08	0.46	0.25	0.06
7735253	mazizio	0.04	0.18	0.52	0.08	0.15
3029678	8linux	0.07	0.07	0.32	0.39	0.14
10024182	lu/or	0.13	0.07	0.43	0.24	0.11
10032349	InFuga	0.05	0	0.61	0.28	0.03
268352	Lettore_268352	0.23	0.27	0.09	0.3	0.09
9613450	vienna	0.02	0.04	0.35	0.49	0.07
1534344	Lettore_1534344	0.2	0	0	0.7	0.1
3610388	Lettore_3610388	0.2	0.4	0	0	0.4
8834603	Lettore_8834603	0.02	0.23	0.32	0.17	0.23
2810995	FrancescoGS	0.37	0.12	0	0.37	0.12
9108615	mluisa	0.19	0.23	0.38	0.07	0.11
3452225	Lettore_3452225	0.08	0.1	0.22	0.47	0.11
9138168	slg87	0.04	0.04	0.25	0.58	0.06
3439689	telepaco	0.09	0.08	0.21	0.6	0.01
1983764	Lettore_1983764	0.07	0.06	0.28	0.54	0.03
5532873	Lettore_5532873	0.02	0.11	0.42	0.3	0.11
5702428	Lettore_5702428	0.04	0.32	0.27	0.09	0.26
9615726	pilates	0.06	0.54	0.12	0.15	0.12
2100210	solvente	0.12	0.22	0.23	0.18	0.22
1133592	Lettore_1133592	0.22	0.16	0.24	0.28	0.08
8690976	anasti50	0.09	0.13	0.27	0.45	0.03
2987642	fattucchiera	0.1	0.08	0.3	0.33	0.16
2777592	ididimarzo	0.13	0.1	0.49	0.24	0.02
5334292	Allister	0.15	0.21	0.47	0.05	0.1
9053172	Crusader66	0.12	0.39	0.27	0.15	0.06
2803203	Lettore_2803203	0.05	0.09	0.13	0.7	0.01
8022977	Tipheus	0.12	0.06	0.31	0.45	0.05
1832473	criticus	0.04	0.05	0.72	0.13	0.05
6021250	germangustavodenis	0.08	0.25	0.25	0.36	0.02
8870039	maria70	0.14	0.15	0.4	0.11	0.18
2993190	newmonitor	0.07	0.23	0.44	0.1	0.13
8790959	bomax1957	0.19	0.21	0.45	0.07	0.07
9758627	Lettore_9758627	0.11	0.11	0.47	0.23	0.05
9961263	Lettore_9961263	0.02	0.08	0.38	0.23	0.26
3534486	Silvan1952	0.09	0.15	0.4	0.15	0.18
2017267	bice123	0.06	0.09	0.46	0.22	0.13
9118923	Lettore_9118923	0.1	0.25	0.42	0.1	0.1
5367688	fausty12	0.08	0.12	0.66	0.04	0.08
6000916	arapacis	0.11	0.22	0.55	0	0.11
2718740	userID_2718740	0.32	0.04	0.23	0.36	0.03
2417922	Tartamp	0.07	0.3	0.23	0.15	0.23
9773212	LorenzoS	0.04	0.02	0.66	0.25	0.01
2020990	gianni1941	0.23	0.05	0.44	0.14	0.11
309090	werther	0.23	0.15	0.18	0.19	0.23
1291718	picopico1972	0.4	0	0	0.2	0.4
1805223	LorenzoG	0.35	0.12	0.24	0.23	0.03
5474910	FoxtrotBravo63	0.06	0.3	0.45	0.1	0.06
2330155	Lettore_1892504	0.15	0.2	0.25	0.28	0.1
3304016	petroio	0.04	0.15	0.22	0.48	0.09
1864069	pierluigi97	0.13	0.17	0.55	0.06	0.06
9060950	polishame	0.07	0.04	0.63	0.21	0.02
1896386	dodasi	0.04	0.26	0.29	0.38	0.01
9127360	pasquino15	0.25	0	0.41	0.08	0.25
2025766	pavlein	0.13	0.17	0.19	0.48	0.01
9401172	chopin	0.2	0.2	0.16	0.28	0.16
2774319	l_festo	0.2	0	0.25	0.48	0.05
467424	Pulmino	0.01	0.03	0.61	0.29	0.03
2309585	Lettore_2309585	0.08	0.27	0.27	0.32	0.05
2776574	Norat78	0.16	0.16	0.44	0.16	0.05
3470167	alscat	0.4	0.2	0.1	0.25	0.05
2453502	eihSaD	0.08	0.17	0.52	0.13	0.08
3078568	paperinik_2009	0.55	0	0.33	0.05	0.05
9260308	Erik	0.05	0.11	0.52	0.17	0.11
2571838	cloudcagliari	0.08	0	0.56	0.3	0.04
7820204	randj	0.04	0.17	0.53	0.23	0.02
2051489	jovanni	0.12	0.26	0.39	0.14	0.07
5407492	Georginasweet	0.21	0.32	0.3	0.06	0.08
2194833	Zaku71	0.21	0.11	0.31	0.25	0.1
5544041	maurizio39	0.28	0	0.42	0.14	0.14
9309966	Lettore_9309966	0.2	0.2	0.18	0.26	0.13
9096953	Lettore_9096953	0.01	0.15	0.64	0.08	0.09
5299228	faderosa	0.07	0.31	0.1	0.31	0.2
3570964	joshua67	0.1	0.08	0.49	0.28	0.02
968020	dinonicola	0.11	0.27	0.5	0.05	0.05
2688371	Lettore-1433231	0.05	0.42	0.3	0.12	0.09
5691928	pierode	0.64	0.01	0.24	0.08	0.01
2881105	Lettore_2881105	0.03	0.15	0.73	0.03	0.03
9523089	Lettore_9523089	0.08	0.33	0.33	0.16	0.08
8225430	Lettore_8225430	0.08	0.26	0.26	0.26	0.13
3692530	ale978	0.16	0.66	0	0	0.16
2874244	Keops	0.2	0	0.4	0.2	0.2
2930585	Lettore_2930585	0.29	0.18	0.13	0.23	0.15
10202521	GiaRos	0.01	0	0.67	0.28	0.01
1075599	abajai	0.23	0.23	0.23	0.09	0.19
9814966	Lettore_9814966	0.25	0.25	0	0	0.5
7301537	Lettore_7301537	0.09	0.4	0.16	0.28	0.05
2759475	erprofessor	0.12	0.31	0.23	0.1	0.21
5684722	quinoa	0.11	0.14	0.51	0.11	0.11
3679553	titanic99	0.09	0.23	0.51	0.13	0.03
9357999	cannella	0.16	0.18	0.12	0.37	0.14
1971342	Lettore_1971342	0.06	0.03	0.55	0.3	0.03
5799202	madaello	0.19	0.17	0.2	0.39	0.02
2604279	Lettore_2604279	0.05	0.17	0.58	0.11	0.05
1775799	Enrichetta	0.03	0.11	0.29	0.4	0.14
2312785	GIOVANNI.REMO	0.16	0.06	0.37	0.33	0.06
374544	Lettore_374544	0.01	0.23	0.57	0.08	0.08
5859674	andrewmcbottar	0.18	0.13	0.13	0.32	0.21
5688327	gentediconfine	0.11	0.19	0.19	0.38	0.11
2952966	friedlander	0.5	0	0.38	0.05	0.05
5138149	luca_1963	0.23	0.1	0.37	0.16	0.11
10065424	Chitarrista56	0.01	0.17	0.33	0.14	0.33
5772769	Lettore_5772769	0.14	0.17	0.2	0.42	0.06
1911772	Cheremule	0.12	0	0.5	0.25	0.12
9372417	Sarto88	0.13	0.04	0.4	0.26	0.14
9747782	Lettore_9747782	0.05	0.09	0.07	0.53	0.24
957402	Lettore_957402	0.11	0.08	0.34	0.39	0.06
1126630	lochlomond	0.18	0.18	0.2	0.39	0.03
721194	Lettore_721194	0.06	0.09	0.22	0.59	0.01
3024308	guicas	0.15	0	0.3	0.5	0.05
9513086	R.Ecobi	0.2	0	0.6	0	0.2
9052968	Lucio	0.04	0.14	0.4	0.21	0.19
9812096	Rita_47	0.02	0.14	0.53	0.14	0.14
9472200	Lettore_9472200	0.14	0.11	0.29	0.15	0.29
1791250	Timoty	0.05	0.01	0.7	0.17	0.06
10112941	titti57	0.08	0.24	0.47	0.11	0.07
10215136	Lettore_10215136	0.15	0.1	0.4	0.15	0.2
2774648	Anigrina	0.09	0.09	0.36	0.18	0.27
8958306	LordRahl	0.05	0.14	0.29	0.47	0.02
49208	giogio70	0.1	0.26	0.4	0.1	0.13
5696971	r_bortone	0.25	0.09	0.47	0.09	0.09
9664827	spingidentro	0.05	0.01	0.32	0.58	0.01
5092396	Lettore_5092396	0.09	0.47	0.27	0.13	0.02
2740886	sancrispino	0.26	0.16	0.24	0.21	0.11
5717737	Lettore_5717737	0.01	0	0.81	0.12	0.04
9198597	gauthierdestrasbourg	0.17	0.07	0.33	0.33	0.09
5801140	walter49	0.16	0.33	0.16	0	0.33
9080008	Fabluss	0.05	0.17	0.28	0.47	0.01
9571817	PACCHIO66	0.05	0.1	0.73	0.08	0.01
5549652	biglia86	0.13	0.08	0.31	0.29	0.16
5439267	Lettore_5439267	0.08	0.02	0.65	0.1	0.13
8828950	Motelko	0.21	0.19	0.14	0.38	0.06
9145520	AteismoLaPeggiorFede	0.06	0	0.55	0.32	0.04
2708403	edavi7	0.04	0.14	0.43	0.31	0.04
2695101	tinauser	0.11	0.05	0.52	0.23	0.05
9023383	ducksguts	0.2	0	0.4	0	0.4
9200708	Lettore_9200708	0.05	0.2	0.32	0.32	0.08
3569941	lucapino	0.05	0.25	0.42	0.05	0.2
10265454	Lettore_10265454	0.06	0.22	0.29	0.3	0.11
3354745	Lettore_3354745	0.21	0.12	0.29	0.09	0.26
9552542	Svegliatevi!	0.03	0	0.79	0.16	0.01
289454	Lettore_289454	0.1	0.12	0.22	0.28	0.26
9183166	Lettore_9183166	0.4	0.2	0.2	0	0.2
2284283	ventisi	0.2	0.1	0.34	0.11	0.22
5669169	Lucaing	0.07	0.27	0.36	0.22	0.06
2032296	Paky	0.09	0.15	0.27	0.38	0.09
2737311	Lettore_2737311	0.03	0.22	0.25	0.25	0.22
9039755	val	0.37	0	0.37	0.12	0.12
1596153	iviman	0.2	0	0	0.6	0.2
5429882	fedesganzy	0.11	0.06	0.32	0.34	0.15
5738953	frank233moto	0.04	0.16	0.46	0.24	0.08
5422779	HappyFuture	0.04	0.14	0.21	0.04	0.54
5163549	chcarla	0.05	0.13	0.59	0.16	0.05
5174117	ntetreggopiu	0.37	0.1	0.25	0.16	0.1
9480895	Mario1976	0.05	0.35	0.23	0.33	0.02
9654825	Mimancalaria	0.07	0.02	0.71	0.15	0.02
1109693	Angelo_1972	0.17	0.11	0.34	0.21	0.14
9066082	fabrix	0.11	0.15	0.17	0.52	0.03
9980826	Lettore_9980826	0.2	0.03	0.29	0.39	0.08
9875469	cincilla	0.13	0.2	0.25	0.16	0.23
2783684	Lettore_2783684	0.01	0.01	0.58	0.3	0.07
2811354	ilfaro1	0.06	0.04	0.64	0.13	0.11
2787779	NONUKE	0.04	0.22	0.31	0.36	0.04
5203610	Lettore_5203610	0.09	0.14	0.28	0.33	0.14
9616885	Lettore_9616885	0.07	0.02	0.69	0.17	0.03
9251969	Giorgioadv	0.05	0.15	0.47	0.3	0.01
3446837	Lettore_3446837	0.06	0.01	0.48	0.38	0.05
540819	Lettore_540819	0.09	0.28	0.38	0.09	0.14
5680826	Lettore_5680826	0.08	0.24	0.09	0.49	0.08
8821002	Leo1947	0.13	0.13	0.47	0.17	0.08
8430026	Lettore_8430026	0.1	0.33	0.34	0.05	0.15
2970801	Lettore_2970801	0.15	0.13	0.36	0.23	0.11
9906248	Lettore_9906248	0.16	0	0.33	0.33	0.16
1653243	nucleo	0.01	0.06	0.62	0.25	0.03
3703055	walyer112	0.35	0.05	0.11	0.29	0.17
8997841	bznein	0.5	0	0	0	0.5
3205865	CLAUDIAR	0.16	0.29	0.27	0.11	0.14
5482096	Sergio12	0.01	0.11	0.64	0.2	0.02
9345009	steven51	0.07	0.24	0.44	0.03	0.2
3217222	TRITTICUS	0.02	0.3	0.12	0.2	0.33
3662948	world54	0.13	0.07	0.27	0.33	0.17
5861798	Lettore_5861798	0.01	0.02	0.53	0.42	0.01
9308814	Lettore_9308814	0.07	0.09	0.23	0.57	0.01
9047287	Byzanthium	0.03	0.1	0.53	0.28	0.04
5653552	Gianca222	0.01	0.01	0.66	0.26	0.02
2805452	Lettore_2805452	0.16	0.2	0.34	0.16	0.12
3688959	Lettore_3688959	0.08	0.5	0.16	0.16	0.08
8910742	Lettore_8910742	0.35	0.13	0.11	0.28	0.11
2772473	lamad68	0.35	0.13	0.31	0.15	0.04
3711346	Lettore_3711346	0.11	0.19	0.35	0.08	0.24
2828159	barracuda2009	0.22	0	0.39	0.35	0.02
7770938	Lettore_7770938	0.11	0	0.33	0.22	0.33
3346503	filmagno	0.19	0.14	0.21	0.23	0.21
8312237	Lettore_8312237	0.07	0.21	0.4	0.27	0.02
5441854	matt77	0.11	0.22	0.33	0.22	0.11
2340594	Lettore_2340594	0.15	0.1	0.54	0.17	0.02
8776460	Lettore_8776460	0.12	0.12	0.62	0	0.12
9073942	giulia94	0.01	0.12	0.48	0.2	0.16
2861186	Lettore_2861186	0.11	0.17	0.17	0.41	0.11
8672973	tigone	0.08	0.43	0.32	0.1	0.04
2832865	Lettore_2832865	0.09	0.1	0.42	0.3	0.06
8472289	Lettore_8472289	0.07	0.06	0.41	0.24	0.2
860333	Ludo_05	0.1	0.14	0.4	0.1	0.25
2721308	plumetto	0.5	0	0	0	0.5
5426343	piergi47	0.1	0.03	0.12	0.67	0.06
2773012	15AGOSTO70	0.1	0.1	0.36	0.21	0.21
10283863	katia_	0.03	0.23	0.32	0.32	0.07
9779097	AriesPi	0.08	0.16	0.27	0.4	0.08
9604467	Lettore_9604467	0.08	0.25	0.33	0.25	0.08
1028403	salvefi	0.09	0.14	0.29	0.26	0.2
8799177	mandaqui	0.12	0.11	0.39	0.28	0.08
9811055	Lettore_9811055	0.33	0.12	0.22	0.25	0.06
7792537	Lettore_7792537	0.16	0.17	0.33	0.27	0.04
2036620	giukki	0.16	0.12	0.16	0.5	0.04
2020296	xig	0.03	0.04	0.31	0.59	0.01
8908479	Lettore_8908479	0.06	0.08	0.65	0.14	0.06
2606289	Lettore_2606289	0.16	0.37	0.11	0.11	0.25
2834838	Luigi12	0.1	0.15	0.49	0.15	0.08
3055874	cyberbiscottato	0.11	0.16	0.38	0.22	0.11
9044994	mauski	0.1	0.15	0.3	0.26	0.16
2775299	Trieste	0.24	0.26	0.12	0.28	0.1
2028343	alphacino	0.37	0.31	0.18	0	0.12
9046976	Harley-Davidson	0.09	0.09	0.3	0.43	0.05
2682446	Millina75	0.25	0.25	0.33	0.08	0.08
9037914	Lettore_9037914	0.1	0.12	0.21	0.44	0.11
9062579	dago53	0.03	0.1	0.51	0.25	0.07
3470976	Pani	0.04	0.1	0.44	0.21	0.18
9043545	chiaratti85	0.03	0.05	0.49	0.36	0.05
3562873	Lettore_3562873	0.11	0.11	0.47	0.17	0.11
2780758	westmalle	0.18	0.11	0.37	0.22	0.11
9077589	Lettore_9077589	0.07	0.11	0.54	0.18	0.07
9769311	arbiter	0.09	0.09	0.31	0.4	0.09
9565278	Lettore_9565278	0.02	0.26	0.02	0.28	0.4
2708661	lucignolo56	0.06	0	0.68	0.18	0.06
382744	BFC11994499	0.2	0.04	0.53	0.1	0.11
9045703	EGOSUMREX	0.17	0.13	0.43	0.21	0.04
1093140	milanista47	0.03	0.03	0.86	0.03	0.03
8289649	Lettore_8289649	0.18	0.09	0.09	0.45	0.18
7798066	Lettore_7798066	0.06	0.12	0.21	0.47	0.12
8097177	andrea07	0.07	0.06	0.46	0.32	0.07
9354885	birbotto65	0.12	0.16	0.2	0.2	0.29
10104955	SommaLombardo50	0.2	0.05	0.3	0.3	0.12
2330307	chimera22	0.02	0.48	0.13	0.1	0.24
5800841	MORCILLA162	0.25	0	0.5	0	0.25
3477885	jaco	0.1	0.04	0.5	0.3	0.03
10543263	Lettore_10543263	0.1	0.15	0.55	0.15	0.05
9080997	Lettore_9080997	0.16	0.07	0.32	0.42	0.01
9618876	pralino	0.12	0.19	0.31	0.21	0.14
2364519	Lettore_2364519	0.09	0.06	0.3	0.5	0.03
1773849	Lettore_1773849	0.33	0	0.5	0	0.16
256138	Il_Longobardo	0.16	0.15	0.25	0.23	0.19
10174540	Schuck	0.09	0.1	0.44	0.15	0.19
5674006	Giancando	0.08	0.16	0.4	0.16	0.2
2765750	crcr79	0.12	0.12	0.42	0.28	0.04
10126853	reckonher	0.2	0.2	0.4	0	0.2
5279274	vanelli	0.07	0.07	0.6	0.14	0.1
5698680	red2509	0.04	0.08	0.16	0.62	0.08
5131275	abz1946	0.17	0.05	0.33	0.3	0.12
1955474	Dreyght	0.12	0.32	0.32	0.18	0.04
9039912	LETTORE1	0.16	0.17	0.2	0.35	0.09
8867789	DaUruGuay	0.04	0.04	0.74	0.1	0.05
2443122	Lettore_2443122	0.1	0.08	0.58	0.12	0.12
8738182	penelope47	0.25	0	0.25	0.25	0.25
5148177	Lettore_5148177	0.05	0.3	0.25	0.15	0.25
934724	fausto.franzoni	0.08	0.04	0.54	0.3	0.02
2942288	gilbtg	0.03	0.2	0.53	0.07	0.15
2432478	Lettore_2432478	0.25	0.04	0.25	0.37	0.08
9054269	Lettore_9054269	0.18	0.56	0	0.12	0.12
9102959	teobaldoeremita	0.13	0.13	0.45	0.04	0.22
3493418	Raffele	0.19	0.14	0.17	0.24	0.23
5561866	atomo69	0.03	0.1	0.34	0.47	0.03
